accuracy = 0.9142203341349464
eval_loss = 0.24279939405748557
f1_score = 0.8006730836297691
precision = 0.8084832904884319
recall = 0.7930123311802701
