accuracy = 0.8855622996658256
eval_loss = 0.3708431158236593
f1_score = 0.7571850298211653
precision = 0.7577626541897065
recall = 0.7566082854003748
