accuracy = 0.8956736295802527
eval_loss = 0.33073930588338835
f1_score = 0.7760717035401444
precision = 0.7713543170661277
recall = 0.7808471454880295
