accuracy = 0.8656041573703684
eval_loss = 0.4112480320792267
f1_score = 0.6910085729376871
precision = 0.7068717096148518
recall = 0.675841788751424
