accuracy = 0.8911265695130959
eval_loss = 0.34290624315439794
f1_score = 0.7720704622812219
precision = 0.7724936121316581
recall = 0.7716477757556993
