accuracy = 0.9087526463229476
eval_loss = 0.2966328261132536
f1_score = 0.7869508628049208
precision = 0.7893554696639308
recall = 0.7845608617193459
