accuracy = 0.8782103929132794
eval_loss = 0.3968946770636102
f1_score = 0.7556232119891866
precision = 0.7552069671056083
recall = 0.7560399159663865
